626       -201      
-17       962       
-746      772       
240       -436      
50        -689      
887       499       
894       761       
257       -337      
-473      927       
-188      429       
-15       -619      
-135      -683      
-958      -373      
-969      648       
-12       -160      
-737      199       
750       -330      
197       -356      
189       788       
25        714       
-248      -53       
-530      330       
439       133       
-371      352       
476       893       
454       -261      
-377      908       
-235      -716      
613       422       
957       405       
-109      -903      
773       360       
858       -17       
345       -642      
214       -496      
856       -127      
332       846       
126       -903      
342       -999      
-421      -440      
352       641       
425       -750      
396       -5        
801       -246      
-408      -639      
-709      -229      
-981      967       
-226      -340      
785       402       
461       123       

29        -817      
-282      448       
298       -890      
638       204       
-849      578       
363       23        
-564      369       
859       974       
-970      622       
84        -579      
-63       -451      
-618      -370      
495       263       
901       821       
-902      -708      
457       140       
981       746       
426       701       
243       665       
835       -727      
552       -298      
24        139       
-590      0         
-499      -403      
617       -595      
-992      -316      
-9        -528      
706       -709      
-609      256       
-146      -23       
934       558       
-881      286       
-166      -21       
614       -4        
-943      689       
894       630       
221       -983      
-244      -127      
560       -687      
238       778       
-610      540       
-960      -549      
-18       88        
485       483       
-713      304       
514       446       
-168      811       
192       613       
-925      59        
733       -24       

547       -928      
-345      -86       
908       241       
539       -183      
179       846       
-786      493       
-329      -917      
94        586       
-13       318       
276       585       
-144      808       
-667      -473      
395       -539      
-953      966       
-219      -703      
-594      827       
-565      -505      
749       213       
-76       609       
540       -138      
999       161       
-835      -399      
410       592       
-538      687       
393       -340      
-789      -492      
985       450       
-800      961       
241       -237      
-879      592       
803       -208      
-641      198       
337       223       
901       -750      
715       485       
-250      6         
-900      -79       
399       -533      
-552      971       
-907      660       
-203      662       
766       452       
132       21        
-810      996       
375       -712      
99        -672      
-500      -102      
-333      -106      
-482      146       
677       840       

-11       105       
-818      913       
126       740       
-885      -869      
-966      928       
-192      698       
-711      906       
123       399       
-293      140       
-400      292       
532       94        
-963      -596      
430       -913      
799       834       
753       -341      
66        -812      
-285      -400      
927       -525      
166       293       
702       -462      
338       570       
970       -744      
-110      238       
258       -471      
917       115       
-451      -738      
-211      -969      
317       144       
-579      -56       
-558      222       
257       -736      
-919      535       
498       105       
-912      -935      
353       128       
-732      720       
-704      83        
615       810       
469       418       
-684      205       
233       19        
-274      -711      
784       -157      
-607      633       
-66       -156      
507       474       
-642      -802      
529       -542      
-81       297       
446       138       