626
-17
-746
240
50
887
894
257
-473
-188
-15
-135
-958
-969
-12
-737
750
197
189
25
-248
-530
439
-371
476
454
-377
-235
613
957
-109
773
858
345
214
856
332
126
342
-421
352
425
396
801
-408
-709
-981
-226
785
461
-201
962
772
-436
-689
499
761
-337
927
429
-619
-683
-373
648
-160
199
-330
-356
788
714
-53
330
133
352
893
-261
908
-716
422
405
-903
360
-17
-642
-496
-127
846
-903
-999
-440
641
-750
-5
-246
-639
-229
967
-340
402
123
29
-282
298
638
-849
363
-564
859
-970
84
-63
-618
495
901
-902
457
981
426
243
835
552
24
-590
-499
617
-992
-9
706
-609
-146
934
-881
-166
614
-943
894
221
-244
560
238
-610
-960
-18
485
-713
514
-168
192
-925
733
-817
448
-890
204
578
23
369
974
622
-579
-451
-370
263
821
-708
140
746
701
665
-727
-298
139
0
-403
-595
-316
-528
-709
256
-23
558
286
-21
-4
689
630
-983
-127
-687
778
540
-549
88
483
304
446
811
613
59
-24
547
-345
908
539
179
-786
-329
94
-13
276
-144
-667
395
-953
-219
-594
-565
749
-76
540
999
-835
410
-538
393
-789
985
-800
241
-879
803
-641
337
901
715
-250
-900
399
-552
-907
-203
766
132
-810
375
99
-500
-333
-482
677
-928
-86
241
-183
846
493
-917
586
318
585
808
-473
-539
966
-703
827
-505
213
609
-138
161
-399
592
687
-340
-492
450
961
-237
592
-208
198
223
-750
485
6
-79
-533
971
660
662
452
21
996
-712
-672
-102
-106
146
840
-11
-818
126
-885
-966
-192
-711
123
-293
-400
532
-963
430
799
753
66
-285
927
166
702
338
970
-110
258
917
-451
-211
317
-579
-558
257
-919
498
-912
353
-732
-704
615
469
-684
233
-274
784
-607
-66
507
-642
529
-81
446
105
913
740
-869
928
698
906
399
140
292
94
-596
-913
834
-341
-812
-400
-525
293
-462
570
-744
238
-471
115
-738
-969
144
-56
222
-736
535
105
-935
128
720
83
810
418
205
19
-711
-157
633
-156
474
-802
-542
297
138
end